86850343
88065952
89381968
89536251
89714939
89826424
90124775
90672109
91408453
92438737
93361277
93890243
94372638
94759578
95079649
95439651
95611217
95980818
96336673
96581524
97041824
97379048
97672500
98066518
98479598
98934553
99246321
99431136
99835823
100049946
100234498
100568960
100806870
101097750
101820859
102455417
103013163
103523365
104177442
104757015
105145703
105694237
106140898
107246430
109272544
111539027
112522852
113783213
114620610
116036567
117421727
119134533
120378586
121554027
121817833
122730767
123673909
124747226
